8
20
130
131
132
133
134
137
138
139
140
141
270
271
274
275
276
279
280
281
282
283
180
16
17
22
23
24
25
33
34
35
36
37
38
39
40
49
50
51
52
53
54
55
56
57
58
59
60
61
62
63
64
65
66
67
68
69
70
71
72
73
74
75
76
77
78
79
80
81
82
83
84
85
86
87
88
89
90
91
92
93
94
95
96
97
98
99
100
101
102
103
104
105
106
107
108
109
110
111
112
113
114
115
116
117
118
126
127
128
129
135
136
164
165
166
167
168
169
170
171
180
181
182
183
184
185
186
187
189
190
195
196
197
198
199
200
201
202
203
204
205
206
207
208
209
210
211
212
213
214
215
216
217
218
219
220
221
222
223
224
225
226
227
228
229
230
231
232
233
234
235
236
237
238
239
240
241
242
243
244
245
246
247
248
249
250
251
252
253
254
255
256
257
258
259
260
268
269
272
273
277
278
11
1
3
27
2
31
28
29
32
15
26
30
15
12
14
11
45
119
13
47
5
46
122
6
48
124
123
125
16
0
8
18
10
7
41
20
19
9
43
4
42
21
120
44
121
20
57
69
61
58
67
83
70
63
62
59
68
85
84
77
64
65
75
135
86
91
12
78
76
92
103
101
113
104
102
114
110
109
117
8
60
66
95
98
96
99
97
100
